t	radian	t uncert. angle uncert.
0	0.5428908864	0.0169	0.0087
0.1333333333	0.4009212319	0.0169	0.0087
0.2666666667	0.1282261076	0.0169	0.0087
0.4	-0.1826497692	0.0169	0.0087
0.5333333333	-0.4626832302	0.0169	0.0087
0.6666666667	-0.5848834746	0.0169	0.0087
0.8016666667	-0.5269354999	0.0169	0.0087
0.935	-0.3088576749	0.0169	0.0087
1.068333333	0.003971493457	0.0169	0.0087
1.201666667	0.3037538838	0.0169	0.0087
1.335	0.5209457031	0.0169	0.0087
1.468333333	0.8042139314	0.0169	0.0087
1.601666667	0.4177682284	0.0169	0.0087
1.735	0.1667243914	0.0169	0.0087
1.868333333	-0.1482514137	0.0169	0.0087
2.001666667	-0.4261566733	0.0169	0.0087
2.135	-0.5598655052	0.0169	0.0087
2.268333333	-0.5221928409	0.0169	0.0087
2.403333333	-0.3290120087	0.0169	0.0087
2.536666667	-0.02901620269	0.0169	0.0087
2.67	0.2744841093	0.0169	0.0087
2.803333333	0.4893762959	0.0169	0.0087
2.936666667	0.5448719209	0.0169	0.0087
3.07	0.4315996529	0.0169	0.0087
3.203333333	0.1984965091	0.0169	0.0087
3.336666667	-0.1281466017	0.0169	0.0087
3.47	-0.4071184172	0.0169	0.0087
3.603333333	-0.5598655052	0.0169	0.0087
3.736666667	-0.5296700491	0.0169	0.0087
3.87	-0.3448015965	0.0169	0.0087
4.003333333	-0.0558830129	0.0169	0.0087
4.138333333	0.2493187792	0.0169	0.0087
4.271666667	0.4560756088	0.0169	0.0087
4.405	0.5448719209	0.0169	0.0087
4.538333333	0.4465604935	0.0169	0.0087
4.671666667	0.2218103988	0.0169	0.0087
4.805	-0.08791369082	0.0169	0.0087
4.938333333	-0.3776094589	0.0169	0.0087
5.071666667	-0.5447118353	0.0169	0.0087
5.205	-0.5229166724	0.0169	0.0087
5.338333333	-0.297270841	0.0169	0.0087
5.471666667	-0.08529538859	0.0169	0.0087
5.605	0.2188835694	0.0169	0.0087
5.74	0.4560756088	0.0169	0.0087
5.873333333	0.5421073189	0.0169	0.0087
6.006666667	0.4585831989	0.0169	0.0087
6.14	0.2453955013	0.0169	0.0087
6.273333333	-0.05100647026	0.0169	0.0087
6.406666667	-0.3749894681	0.0169	0.0087
6.54	-0.5229166724	0.0169	0.0087
6.673333333	-0.5276964649	0.0169	0.0087
6.806666667	-0.389831879	0.0169	0.0087
6.94	-0.1068895002	0.0169	0.0087
7.073333333	-0.1260750042	0.0169	0.0087
7.341666667	0.5095067231	0.0169	0.0087
7.475	0.5042540705	0.0169	0.0087
7.608333333	0.3193622831	0.0169	0.0087
7.741666667	0.3296116233	0.0169	0.0087
7.875	-0.2735512648	0.0169	0.0087
8.008333333	-0.4758038536	0.0169	0.0087
8.141666667	-0.5428448019	0.0169	0.0087
8.275	-0.4339166818	0.0169	0.0087
8.408333333	-0.2046167503	0.0169	0.0087
8.541666667	0.09574721783	0.0169	0.0087
8.675	0.3568961302	0.0169	0.0087
8.81	0.5182868038	0.0169	0.0087
8.943333333	0.5089561974	0.0169	0.0087
9.076666667	0.3362665746	0.0169	0.0087
9.21	0.05837128638	0.0169	0.0087
9.343333333	-0.2456221749	0.0169	0.0087
9.476666667	-0.4610239051	0.0169	0.0087
9.61	-0.5352559766	0.0169	0.0087
9.743333333	-0.4537361487	0.0169	0.0087
9.876666667	-0.2349386417	0.0169	0.0087
10.01	0.07463860678	0.0169	0.0087
10.14333333	0.07463860678	0.0169	0.0087
10.27666667	0.5032994796	0.0169	0.0087
10.41	0.4969536431	0.0169	0.0087
10.545	0.3531625742	0.0169	0.0087
10.67833333	0.06345292166	0.0169	0.0087
10.81166667	-0.222979344	0.0169	0.0087
10.945	-0.4389065299	0.0169	0.0087
11.07833333	-0.5304878363	0.0169	0.0087
11.21166667	-0.4562324617	0.0169	0.0087
11.345	-0.2456221749	0.0169	0.0087
11.47833333	0.05837128638	0.0169	0.0087
11.61166667	0.3261392151	0.0169	0.0087
11.745	0.4940406835	0.0169	0.0087
11.87833333	0.4990995432	0.0169	0.0087
12.01166667	0.3689111991	0.0169	0.0087
12.14666667	0.365052795	0.0169	0.0087
12.28	-0.1908088274	0.0169	0.0087
12.41333333	-0.4266174249	0.0169	0.0087
12.54666667	-0.5030401704	0.0169	0.0087
12.68	-0.4635034618	0.0169	0.0087
12.81333333	-0.2495878618	0.0169	0.0087
12.94666667	0.03683525789	0.0169	0.0087
13.08	0.3124749694	0.0169	0.0087
13.21333333	0.4947762488	0.0169	0.0087
13.34666667	0.513633779	0.0169	0.0087
13.48	0.3728481855	0.0169	0.0087
13.61333333	0.1070464498	0.0169	0.0087
13.74833333	-0.177784345	0.0169	0.0087
13.88166667	-0.4243539671	0.0169	0.0087
14.015	-0.4013115861	0.0169	0.0087
14.14833333	-0.4560482283	0.0169	0.0087
14.28166667	-0.2562487901	0.0169	0.0087
14.415	0.004015231844	0.0169	0.0087
14.54833333	0.2870801727	0.0169	0.0087
14.68166667	0.4728129984	0.0169	0.0087
14.815	0.5115854109	0.0169	0.0087
14.94833333	0.3859655473	0.0169	0.0087
15.08166667	0.1331678492	0.0169	0.0087
15.215	-0.1615572436	0.0169	0.0087
15.35	-0.3991512071	0.0169	0.0087
15.48333333	-0.5030401704	0.0169	0.0087
15.61666667	-0.4585706186	0.0169	0.0087
15.75	-0.272077797	0.0169	0.0087
15.88333333	-0.006959511068	0.0169	0.0087
16.01666667	0.2819221906	0.0169	0.0087
16.15	0.4560756088	0.0169	0.0087
16.28333333	0.5089561974	0.0169	0.0087
16.41666667	0.3909570003	0.0169	0.0087
16.55	0.146935196	0.0169	0.0087
16.68333333	-0.1482514137	0.0169	0.0087
16.81666667	-0.3816925921	0.0169	0.0087
16.95166667	-0.4858051809	0.0169	0.0087
17.085	-0.4585072321	0.0169	0.0087
17.21833333	-0.2803373178	0.0169	0.0087
17.35166667	-0.01791059555	0.0169	0.0087
17.485	0.2427840384	0.0169	0.0087
17.61833333	0.4488819847	0.0169	0.0087
17.75166667	0.5042540705	0.0169	0.0087
17.885	0.3809537642	0.0169	0.0087
18.01833333	0.1498972649	0.0169	0.0087
18.15166667	-0.133589388	0.0169	0.0087
18.285	-0.3583656426	0.0169	0.0087
18.41833333	-0.4858051809	0.0169	0.0087
18.55333333	-0.488100568	0.0169	0.0087
18.68666667	-0.3065761121	0.0169	0.0087
18.82	-0.02288358924	0.0169	0.0087
18.95333333	0.2414986349	0.0169	0.0087
19.08666667	0.4319855787	0.0169	0.0087
19.22	0.4918783887	0.0169	0.0087
19.35333333	0.3918215769	0.0169	0.0087
19.48666667	0.1649508232	0.0169	0.0087
19.62	-0.115965848	0.0169	0.0087
19.75333333	-0.342946546	0.0169	0.0087
19.88666667	-0.5003898908	0.0169	0.0087
20.02	-0.4561414753	0.0169	0.0087
20.155	-0.2908826666	0.0169	0.0087
20.28833333	-0.07138073426	0.0169	0.0087
20.42166667	0.2298677843	0.0169	0.0087
20.555	0.4465604935	0.0169	0.0087
20.68833333	0.4986817527	0.0169	0.0087
20.82166667	0.3987949624	0.0169	0.0087
20.955	0.1879475903	0.0169	0.0087
21.08833333	-0.1051463987	0.0169	0.0087
21.22166667	-0.3411105728	0.0169	0.0087
21.355	-0.4759552346	0.0169	0.0087
21.48833333	-0.4635034618	0.0169	0.0087
21.62166667	-0.2997468988	0.0169	0.0087
21.75666667	-0.06097963183	0.0169	0.0087
21.89	0.2194585979	0.0169	0.0087
22.02333333	0.4204722046	0.0169	0.0087
22.15666667	0.4729231717	0.0169	0.0087
22.29	0.4051077038	0.0169	0.0087
22.42333333	0.1879475903	0.0169	0.0087
22.55666667	-0.09379157308	0.0169	0.0087
22.69	-0.3323862423	0.0169	0.0087
22.82333333	-0.4536136332	0.0169	0.0087
22.95666667	-0.4659751079	0.0169	0.0087
23.09	-0.3169529676	0.0169	0.0087
23.22333333	-0.07715320806	0.0169	0.0087
23.35833333	0.199560836	0.0169	0.0087
23.49166667	0.4072541057	0.0169	0.0087
23.625	0.482675411	0.0169	0.0087
23.75833333	0.3959279992	0.0169	0.0087
23.89166667	0.2037543802	0.0169	0.0087
24.025	-0.08935835096	0.0169	0.0087
24.15833333	-0.3151525831	0.0169	0.0087
24.29166667	-0.4536136332	0.0169	0.0087
24.425	-0.4610560211	0.0169	0.0087
24.55833333	-0.3186579321	0.0169	0.0087
24.69166667	-0.08343568271	0.0169	0.0087
24.825	0.1879475903	0.0169	0.0087
24.96	0.4177682284	0.0169	0.0087
25.09333333	0.4824478214	0.0169	0.0087
25.22666667	0.4107171103	0.0169	0.0087
25.36	0.1963734295	0.0169	0.0087
25.49333333	-0.07715320806	0.0169	0.0087
25.62666667	-0.3099065796	0.0169	0.0087
25.76	-0.4512031136	0.0169	0.0087
25.89333333	-0.4561414753	0.0169	0.0087
26.02666667	-0.3272596632	0.0169	0.0087
26.16	-0.08389298282	0.0169	0.0087
26.29333333	0.1667243914	0.0169	0.0087
26.42666667	0.3959279992	0.0169	0.0087
26.56166667	0.4704861946	0.0169	0.0087
26.695	0.4008784255	0.0169	0.0087
26.82833333	0.1984965091	0.0169	0.0087
26.96166667	-0.0558830129	0.0169	0.0087
27.095	-0.3101096918	0.0169	0.0087
27.22833333	-0.4561414753	0.0169	0.0087
27.36166667	-0.4538557085	0.0169	0.0087
27.495	-0.325590748	0.0169	0.0087
27.62833333	-0.1002727282	0.0169	0.0087
27.76166667	0.1846344224	0.0169	0.0087
27.895	0.3880081598	0.0169	0.0087
28.02833333	0.4633088705	0.0169	0.0087
28.16333333	0.4029825757	0.0169	0.0087
28.29666667	0.4079322466	0.0169	0.0087
28.43	-0.04526379216	0.0169	0.0087
28.56333333	-0.3169529676	0.0169	0.0087
28.69666667	-0.4585706186	0.0169	0.0087
28.83	-0.4609909832	0.0169	0.0087
28.96333333	-0.3359558625	0.0169	0.0087
29.09666667	-0.1051463987	0.0169	0.0087
29.23	0.1560544297	0.0169	0.0087
29.36333333	0.3789524483	0.0169	0.0087
29.49666667	0.4680723505	0.0169	0.0087
29.63	0.4172121402	0.0169	0.0087
29.765	0.2206283333	0.0169	0.0087
29.89833333	-0.03958072869	0.0169	0.0087
30.03166667	-0.2856181558	0.0169	0.0087
30.165	-0.4389065299	0.0169	0.0087
30.29833333	-0.4512031136	0.0169	0.0087
30.43166667	-0.3272596632	0.0169	0.0087
30.565	-0.1002727282	0.0169	0.0087
30.69833333	0.1596751933	0.0169	0.0087
30.83166667	0.371981433	0.0169	0.0087
30.965	0.4704861946	0.0169	0.0087
31.09833333	0.4008784255	0.0169	0.0087
31.23166667	0.2218103988	0.0169	0.0087
31.36666667	-0.02313142716	0.0169	0.0087
31.5	-0.2750403724	0.0169	0.0087
31.63333333	-0.4342786283	0.0169	0.0087
31.76666667	-0.4635034618	0.0169	0.0087
31.9	-0.3411105728	0.0169	0.0087
32.03333333	-0.1267580945	0.0169	0.0087
32.16666667	0.1490972672	0.0169	0.0087
32.3	0.3531625742	0.0169	0.0087
32.43333333	0.4560756088	0.0169	0.0087
32.56666667	0.4008784255	0.0169	0.0087
32.7	0.2206283333	0.0169	0.0087
32.83333333	-0.02885738553	0.0169	0.0087
32.96833333	-0.272077797	0.0169	0.0087
33.10166667	-0.4293275709	0.0169	0.0087
33.235	-0.4585706186	0.0169	0.0087
33.36833333	-0.3425849894	0.0169	0.0087
33.50166667	-0.115965848	0.0169	0.0087
33.635	0.1346089596	0.0169	0.0087
33.76833333	0.3600458469	0.0169	0.0087
33.90166667	0.4537136281	0.0169	0.0087
34.035	0.4072541057	0.0169	0.0087
34.16833333	0.2401199506	0.0169	0.0087
34.30166667	-0.01791059555	0.0169	0.0087
34.435	-0.2682643461	0.0169	0.0087
34.57	-0.2697275444	0.0169	0.0087
34.70333333	-0.4732964771	0.0169	0.0087
34.83666667	-0.3448015965	0.0169	0.0087
34.97	-0.1153398285	0.0169	0.0087
35.10333333	0.137748898	0.0169	0.0087
35.23666667	0.3481398099	0.0169	0.0087
35.37	0.4465604935	0.0169	0.0087
35.50333333	0.3967319008	0.0169	0.0087
35.63666667	0.2246693813	0.0169	0.0087
35.77	-0.01243542616	0.0169	0.0087
35.90333333	-0.2601332284	0.0169	0.0087
36.03666667	-0.4143394989	0.0169	0.0087
36.17166667	-0.4512031136	0.0169	0.0087
36.305	-0.3290120087	0.0169	0.0087
36.43833333	-0.1213655226	0.0169	0.0087
36.57166667	0.1292272811	0.0169	0.0087
36.705	0.3329618769	0.0169	0.0087
36.83833333	0.4346032647	0.0169	0.0087
36.97166667	0.3946889597	0.0169	0.0087
37.105	0.2335703795	0.0169	0.0087
37.23833333	-0.006884112579	0.0169	0.0087
37.37166667	-0.2535012731	0.0169	0.0087
37.505	-0.4143394989	0.0169	0.0087
37.63833333	-0.4659466873	0.0169	0.0087
37.77333333	-0.3359558625	0.0169	0.0087
37.90666667	-0.1321432646	0.0169	0.0087
38.04	0.1136553364	0.0169	0.0087
38.17333333	0.3398300914	0.0169	0.0087
38.30666667	0.4319855787	0.0169	0.0087
38.44	0.3980119277	0.0169	0.0087
38.57333333	0.2414986349	0.0169	0.0087
38.70666667	-0.0121688845	0.0169	0.0087
38.84	-0.2535012731	0.0169	0.0087
38.97333333	-0.41713679	0.0169	0.0087
39.10666667	-0.4488163417	0.0169	0.0087
39.24	-0.3377684724	0.0169	0.0087
39.375	-0.1267580945	0.0169	0.0087
39.50833333	0.1238380648	0.0169	0.0087
39.64166667	0.3312117121	0.0169	0.0087
39.775	0.424857852	0.0169	0.0087
39.90833333	0.3959279992	0.0169	0.0087
40.04166667	0.2298677843	0.0169	0.0087
40.175	-0.00147510028	0.0169	0.0087
40.30833333	-0.2509427194	0.0169	0.0087
40.44166667	-0.4020764325	0.0169	0.0087
40.575	-0.4438731102	0.0169	0.0087
40.70833333	-0.3392933962	0.0169	0.0087
40.84166667	-0.1375207367	0.0169	0.0087
40.97666667	0.1184416084	0.0169	0.0087
41.11	0.3193212145	0.0169	0.0087
41.24333333	0.4368660533	0.0169	0.0087
41.37666667	0.4029825757	0.0169	0.0087
41.51	0.2310891046	0.0169	0.0087
41.64333333	0.00936683702	0.0169	0.0087
41.77666667	-0.238985498	0.0169	0.0087
41.91	-0.4020764325	0.0169	0.0087
42.04333333	-0.4365811044	0.0169	0.0087
42.17666667	-0.3307825285	0.0169	0.0087
42.31	-0.1375207367	0.0169	0.0087
42.44333333	0.1130382123	0.0169	0.0087
42.57833333	0.3244753234	0.0169	0.0087
42.71166667	0.424857852	0.0169	0.0087
42.845	0.3918215769	0.0169	0.0087
42.97833333	0.2258650051	0.0169	0.0087
43.11166667	-0.001483178572	0.0169	0.0087
43.245	-0.2509427194	0.0169	0.0087
43.37833333	-0.3999385444	0.0169	0.0087
43.51166667	-0.4415285649	0.0169	0.0087
43.645	-0.3272596632	0.0169	0.0087
43.77833333	-0.1436663026	0.0169	0.0087
43.91166667	0.1112262423	0.0169	0.0087
44.045	0.317622925	0.0169	0.0087
44.18	0.4177682284	0.0169	0.0087
44.31333333	0.3918215769	0.0169	0.0087
44.44666667	0.2363003928	0.0169	0.0087
44.58	0.003928697691	0.0169	0.0087
44.71333333	-0.2349386417	0.0169	0.0087
44.84666667	-0.3847467433	0.0169	0.0087
44.98	-0.4365811044	0.0169	0.0087
45.11333333	-0.3238439666	0.0169	0.0087
45.24666667	-0.1307279383	0.0169	0.0087
45.38	0.1278424911	0.0169	0.0087
45.51333333	0.3244293383	0.0169	0.0087
45.64666667	0.4270830426	0.0169	0.0087
45.78166667	0.3759217797	0.0169	0.0087
45.915	0.2194585979	0.0169	0.0087
46.04833333	0.003928697691	0.0169	0.0087
46.18166667	-0.2364227805	0.0169	0.0087
46.315	-0.404959827	0.0169	0.0087
46.44833333	-0.4389065299	0.0169	0.0087
46.58166667	-0.347656823	0.0169	0.0087
46.715	-0.1321432646	0.0169	0.0087
46.84833333	0.1118237701	0.0169	0.0087
46.98166667	0.3227535146	0.0169	0.0087
47.115	0.4029825757	0.0169	0.0087
47.24833333	0.3669723147	0.0169	0.0087
47.38333333	0.2258650051	0.0169	0.0087
47.51666667	0.003949979661	0.0169	0.0087
47.65	-0.2141130536	0.0169	0.0087
47.78333333	-0.4042360351	0.0169	0.0087
47.91666667	-0.4316106953	0.0169	0.0087
48.05	-0.3272596632	0.0169	0.0087
48.18333333	-0.1253991982	0.0169	0.0087
48.31666667	0.1178024703	0.0169	0.0087
48.45	0.3075535137	0.0169	0.0087
48.58333333	0.4085942882	0.0169	0.0087
48.71666667	0.3789524483	0.0169	0.0087
48.85	0.2246693813	0.0169	0.0087
48.985	0.003949979661	0.0169	0.0087
49.11833333	-0.2349386417	0.0169	0.0087
49.25166667	-0.3948958548	0.0169	0.0087
49.385	-0.4293275709	0.0169	0.0087
49.51833333	-0.3359558625	0.0169	0.0087
49.65166667	-0.1267580945	0.0169	0.0087
49.785	0.1171701615	0.0169	0.0087
49.91833333	0.3091772384	0.0169	0.0087
50.05166667	0.4107171103	0.0169	0.0087
50.185	0.3600458469	0.0169	0.0087
50.31833333	0.2234861387	0.0169	0.0087
50.45166667	0.003928697691	0.0169	0.0087
50.58666667	-0.2336635455	0.0169	0.0087
50.72	-0.3999385444	0.0169	0.0087
50.85333333	-0.4243539671	0.0169	0.0087
50.98666667	-0.320404117	0.0169	0.0087
51.12	-0.1260750042	0.0169	0.0087
51.25333333	0.1165445739	0.0169	0.0087
51.38666667	0.3193622831	0.0169	0.0087
51.52	0.4008784255	0.0169	0.0087
51.65333333	0.3669723147	0.0169	0.0087
51.78666667	0.2070621513	0.0169	0.0087
51.92	-0.006959511068	0.0169	0.0087
52.05333333	-0.2376973626	0.0169	0.0087
52.18666667	-0.3816925921	0.0169	0.0087
52.32166667	-0.4243539671	0.0169	0.0087
52.455	-0.3082326364	0.0169	0.0087
52.58833333	-0.1260750042	0.0169	0.0087
52.72166667	0.1124277255	0.0169	0.0087
52.855	0.3124749694	0.0169	0.0087
52.98833333	0.3987949624	0.0169	0.0087
53.12166667	0.365052795	0.0169	0.0087
53.255	0.2048453309	0.0169	0.0087
53.38833333	-0.006959511068	0.0169	0.0087
53.52166667	-0.2324019666	0.0169	0.0087
53.655	-0.4042360351	0.0169	0.0087
53.78833333	-0.4243539671	0.0169	0.0087
53.92333333	-0.3186579321	0.0169	0.0087
54.05666667	-0.1260750042	0.0169	0.0087
54.19	0.1184416084	0.0169	0.0087
54.32333333	0.3005183285	0.0169	0.0087
54.45666667	0.4029825757	0.0169	0.0087
54.59	0.3689111991	0.0169	0.0087
54.72333333	0.2142356736	0.0169	0.0087
54.85666667	-0.001483178572	0.0169	0.0087
54.99	-0.2376973626	0.0169	0.0087
55.12333333	-0.375598929	0.0169	0.0087
55.25666667	-0.404959827	0.0169	0.0087
55.39	-0.3117732156	0.0169	0.0087
55.525	-0.1153398285	0.0169	0.0087
55.65833333	0.1118237701	0.0169	0.0087
55.79166667	0.3040596097	0.0169	0.0087
55.925	0.3946889597	0.0169	0.0087
56.05833333	0.3463227401	0.0169	0.0087
56.19166667	0.1879475903	0.0169	0.0087
56.325	-0.01781306411	0.0169	0.0087
56.45833333	-0.2376973626	0.0169	0.0087
56.59166667	-0.3816582449	0.0169	0.0087
56.725	-0.4176970818	0.0169	0.0087
56.85833333	-0.3117732156	0.0169	0.0087
56.99166667	-0.1267580945	0.0169	0.0087
57.12666667	0.1178024703	0.0169	0.0087
57.26	0.2989254917	0.0169	0.0087
57.39333333	0.3868912471	0.0169	0.0087
57.52666667	0.3499752591	0.0169	0.0087
57.66	0.1932274932	0.0169	0.0087
57.79333333	-0.03414152367	0.0169	0.0087
57.92666667	-0.238985498	0.0169	0.0087
58.06	-0.3999385444	0.0169	0.0087
58.19333333	-0.4028227602	0.0169	0.0087
58.32666667	-0.3033142795	0.0169	0.0087
58.46	-0.1045778844	0.0169	0.0087
58.59333333	0.1118237701	0.0169	0.0087
58.72833333	0.2973489528	0.0169	0.0087
58.86166667	0.3750092862	0.0169	0.0087
58.995	0.3449119196	0.0169	0.0087
59.12833333	0.1984965091	0.0169	0.0087
59.26166667	-0.03414152367	0.0169	0.0087
59.395	-0.2456221749	0.0169	0.0087
59.52833333	-0.3806616463	0.0169	0.0087
59.66166667	-0.404959827	0.0169	0.0087
59.795	-0.2810455719	0.0169	0.0087
59.92833333	-0.1045778844	0.0169	0.0087
60.06166667	0.1285311769	0.0169	0.0087
60.195	0.2937750767	0.0169	0.0087
60.33	0.3750092862	0.0169	0.0087
60.46333333	0.3430986671	0.0169	0.0087
60.59666667	0.1879475903	0.0169	0.0087
60.73	-0.0282391253	0.0169	0.0087
60.86333333	-0.2364227805	0.0169	0.0087
60.99666667	-0.390725656	0.0169	0.0087
61.13	-0.4056662153	0.0169	0.0087
61.26333333	-0.3068336729	0.0169	0.0087
61.39666667	-0.08253584402	0.0169	0.0087
61.53	0.1264869083	0.0169	0.0087
61.66333333	0.3056763529	0.0169	0.0087
61.79666667	0.370040654	0.0169	0.0087
61.93166667	0.3296116233	0.0169	0.0087
62.065	0.1667243914	0.0169	0.0087
62.19833333	-0.03936653756	0.0169	0.0087
62.33166667	-0.2482472553	0.0169	0.0087
62.465	-0.3957266909	0.0169	0.0087
62.59833333	-0.3957266909	0.0169	0.0087
62.73166667	-0.2847179845	0.0169	0.0087
62.865	-0.08791369082	0.0169	0.0087
62.99833333	0.1346089596	0.0169	0.0087
63.13166667	0.2922224932	0.0169	0.0087
63.265	0.3769710492	0.0169	0.0087
63.39833333	0.3193622831	0.0169	0.0087
63.53333333	0.1702172033	0.0169	0.0087
63.66666667	-0.04453313344	0.0169	0.0087
63.8	-0.2469206811	0.0169	0.0087
63.93333333	-0.3806616463	0.0169	0.0087
64.06666667	-0.3957266909	0.0169	0.0087
64.2	-0.2825538493	0.0169	0.0087
64.33333333	-0.07799485399	0.0169	0.0087
64.46666667	0.1346089596	0.0169	0.0087
64.6	0.2886085615	0.0169	0.0087
64.73333333	0.3619438327	0.0169	0.0087
64.86666667	0.3159420022	0.0169	0.0087
65	0.1560544297	0.0169	0.0087
65.135	-0.03915465095	0.0169	0.0087
65.26833333	-0.2429792061	0.0169	0.0087
65.40166667	-0.375598929	0.0169	0.0087
65.535	-0.3978220643	0.0169	0.0087
65.66833333	-0.2773236332	0.0169	0.0087
65.80166667	-0.08482275164	0.0169	0.0087
65.935	0.1346089596	0.0169	0.0087
66.06833333	0.2927147343	0.0169	0.0087
66.20166667	0.371981433	0.0169	0.0087
66.335	0.3075535137	0.0169	0.0087
66.46833333	0.1596751933	0.0169	0.0087
66.60166667	-0.05618841109	0.0169	0.0087
66.73666667	-0.244293685	0.0169	0.0087
66.87	-0.375598929	0.0169	0.0087
67.00333333	-0.3736086946	0.0169	0.0087
67.13666667	-0.2773236332	0.0169	0.0087
67.27	-0.06784042904	0.0169	0.0087
67.40333333	0.1399828048	0.0169	0.0087
67.53666667	0.2886085615	0.0169	0.0087
67.67	0.3638610399	0.0169	0.0087
67.80333333	0.3056763529	0.0169	0.0087
67.93666667	0.1515230948	0.0169	0.0087
68.07	-0.04429479104	0.0169	0.0087
68.20333333	-0.2548677882	0.0169	0.0087
68.33833333	-0.3716384653	0.0169	0.0087
68.47166667	-0.3857039325	0.0169	0.0087
68.605	-0.2615401485	0.0169	0.0087
68.73833333	-0.06097963183	0.0169	0.0087
68.87166667	0.1490972672	0.0169	0.0087
69.005	0.3070576433	0.0169	0.0087
69.13833333	0.3537023715	0.0169	0.0087
69.27166667	0.2901528498	0.0169	0.0087
69.405	0.1507058283	0.0169	0.0087
69.53833333	-0.06601821247	0.0169	0.0087
69.67166667	-0.2587410264	0.0169	0.0087
69.805	-0.375598929	0.0169	0.0087
69.94	-0.375598929	0.0169	0.0087
70.07333333	-0.2587410264	0.0169	0.0087
70.20666667	-0.05498639798	0.0169	0.0087
70.34	0.148305701	0.0169	0.0087
70.47333333	0.2957884705	0.0169	0.0087
70.60666667	0.3568961302	0.0169	0.0087
70.74	0.2870801727	0.0169	0.0087
70.87333333	0.1384856201	0.0169	0.0087
71.00666667	-0.07799485399	0.0169	0.0087
71.14	-0.2668165605	0.0169	0.0087
71.27333333	-0.375598929	0.0169	0.0087
71.40666667	-0.3736086946	0.0169	0.0087
71.54166667	-0.2548677882	0.0169	0.0087
71.675	-0.06131093499	0.0169	0.0087
71.80833333	0.1560544297	0.0169	0.0087
71.94166667	0.2870801727	0.0169	0.0087
72.075	0.355594585	0.0169	0.0087
72.20833333	0.2819221906	0.0169	0.0087
72.34166667	0.1238380648	0.0169	0.0087
72.475	-0.07715320806	0.0169	0.0087
72.60833333	-0.2691768302	0.0169	0.0087
72.74166667	-0.3564612668	0.0169	0.0087
72.875	-0.3602895833	0.0169	0.0087
73.00833333	-0.2376973626	0.0169	0.0087
73.14333333	-0.04526379216	0.0169	0.0087
73.27666667	0.1437955198	0.0169	0.0087
73.41	0.3075535137	0.0169	0.0087
73.54333333	0.3449119196	0.0169	0.0087
73.67666667	0.2706894902	0.0169	0.0087
73.81	0.1118237701	0.0169	0.0087
73.94333333	-0.09430218578	0.0169	0.0087
74.07666667	-0.2691768302	0.0169	0.0087
74.21	-0.3806616463	0.0169	0.0087
74.34333333	-0.3411105728	0.0169	0.0087
74.47666667	-0.238985498	0.0169	0.0087
74.61	-0.03936653756	0.0169	0.0087
74.745	0.157992266	0.0169	0.0087
74.87833333	0.2953437612	0.0169	0.0087
75.01166667	0.3398300914	0.0169	0.0087
75.145	0.2715600625	0.0169	0.0087
75.27833333	0.1212096513	0.0169	0.0087
75.41166667	-0.07592419063	0.0169	0.0087
75.545	-0.2601332284	0.0169	0.0087
75.67833333	-0.375598929	0.0169	0.0087
75.81166667	-0.3596326354	0.0169	0.0087
75.945	-0.2205764677	0.0169	0.0087
76.07833333	-0.03395671778	0.0169	0.0087
76.21166667	0.1711263642	0.0169	0.0087
76.34666667	0.2973489528	0.0169	0.0087
76.48	0.3568961302	0.0169	0.0087
76.61333333	0.2611377956	0.0169	0.0087
76.74666667	0.08093050288	0.0169	0.0087
76.88	-0.09918762317	0.0169	0.0087
77.01333333	-0.274372437	0.0169	0.0087
77.14666667	-0.3826938309	0.0169	0.0087
77.28	-0.3444063948	0.0169	0.0087
77.41333333	-0.1992728429	0.0169	0.0087
77.54666667	-0.00146710951	0.0169	0.0087
77.68	0.1711263642	0.0169	0.0087
77.81333333	0.3091772384	0.0169	0.0087
77.94833333	0.3261392151	0.0169	0.0087
78.08166667	0.2611377956	0.0169	0.0087
78.215	0.09574721783	0.0169	0.0087
78.34833333	-0.1051463987	0.0169	0.0087
78.48166667	-0.2825538493	0.0169	0.0087
78.615	-0.3654127529	0.0169	0.0087
78.74833333	-0.3551465612	0.0169	0.0087
78.88166667	-0.2057304501	0.0169	0.0087
79.015	-0.012234443	0.0169	0.0087
79.14833333	0.1846344224	0.0169	0.0087
79.28166667	0.3091772384	0.0169	0.0087
79.415	0.3380393023	0.0169	0.0087
79.55	0.2388333788	0.0169	0.0087
79.68333333	0.09086645058	0.0169	0.0087
79.81666667	-0.1082080557	0.0169	0.0087
79.95	-0.279552892	0.0169	0.0087
80.08333333	-0.3551465612	0.0169	0.0087
80.21666667	-0.3306286887	0.0169	0.0087
80.35	-0.1885506208	0.0169	0.0087
80.48333333	-0.01230071166	0.0169	0.0087
80.61666667	0.1807211492	0.0169	0.0087
80.75	0.3108176405	0.0169	0.0087
80.88333333	0.3296116233	0.0169	0.0087
81.01666667	0.235053571	0.0169	0.0087
81.15166667	0.09136131858	0.0169	0.0087
81.285	-0.115965848	0.0169	0.0087
81.41833333	-0.2643990635	0.0169	0.0087
81.55166667	-0.3634664249	0.0169	0.0087
81.685	-0.3238439666	0.0169	0.0087
81.81833333	-0.177784345	0.0169	0.0087
81.95166667	0.00936683702	0.0169	0.0087
82.085	0.1879475903	0.0169	0.0087
82.21833333	0.3210371314	0.0169	0.0087
82.35166667	0.3365161564	0.0169	0.0087
82.485	0.2335703795	0.0169	0.0087
82.61833333	0.06959799641	0.0169	0.0087
82.75333333	-0.1267580945	0.0169	0.0087
82.88666667	-0.2893173022	0.0169	0.0087
83.02	-0.3532452964	0.0169	0.0087
83.15333333	-0.3169529676	0.0169	0.0087
83.28666667	-0.1841754794	0.0169	0.0087
83.42	0.02589325085	0.0169	0.0087
83.55333333	0.199560836	0.0169	0.0087
83.68666667	0.2953437612	0.0169	0.0087
83.82	0.3193622831	0.0169	0.0087
83.95333333	0.2388333788	0.0169	0.0087
84.08666667	0.08048920852	0.0169	0.0087
84.22	-0.1267580945	0.0169	0.0087
84.355	-0.2856181558	0.0169	0.0087
84.48833333	-0.3551465612	0.0169	0.0087
84.62166667	-0.3082326364	0.0169	0.0087
84.755	-0.1696076483	0.0169	0.0087
84.88833333	0.03683525789	0.0169	0.0087
85.02166667	0.1984965091	0.0169	0.0087
85.155	0.3005183285	0.0169	0.0087
85.28833333	0.317692351	0.0169	0.0087
85.42166667	0.2242122951	0.0169	0.0087
85.555	0.05869022187	0.0169	0.0087
85.68833333	-0.1436663026	0.0169	0.0087
85.82166667	-0.3082326364	0.0169	0.0087
85.95666667	-0.3622333776	0.0169	0.0087
86.09	-0.28776823	0.0169	0.0087
86.22333333	-0.1482514137	0.0169	0.0087
86.35666667	0.04253578413	0.0169	0.0087
86.49	0.2059478604	0.0169	0.0087
86.62333333	0.3075535137	0.0169	0.0087
86.75666667	0.3124749694	0.0169	0.0087
86.89	0.2194585979	0.0169	0.0087
87.02333333	0.04184533428	0.0169	0.0087
87.15666667	-0.1561286441	0.0169	0.0087
87.29	-0.2961306353	0.0169	0.0087
87.42333333	-0.3615398137	0.0169	0.0087
87.55833333	-0.2929665649	0.0169	0.0087
87.69166667	-0.158947808	0.0169	0.0087
87.825	0.05265527944	0.0169	0.0087
87.95833333	0.2101182476	0.0169	0.0087
88.09166667	0.3089603047	0.0169	0.0087
88.225	0.3124749694	0.0169	0.0087
88.35833333	0.2006364838	0.0169	0.0087
88.49166667	0.03136519349	0.0169	0.0087
88.625	-0.1651707551	0.0169	0.0087
88.75833333	-0.3065761121	0.0169	0.0087
88.89166667	-0.3513634392	0.0169	0.0087
89.025	-0.2856181558	0.0169	0.0087
89.16	-0.1375207367	0.0169	0.0087
89.29333333	0.04750866403	0.0169	0.0087
89.42666667	0.2037543802	0.0169	0.0087
89.56	0.2953437612	0.0169	0.0087
89.69333333	0.2969287907	0.0169	0.0087
89.82666667	0.1984965091	0.0169	0.0087
89.96	0.003949979661	0.0169	0.0087
90.09333333	-0.1688212823	0.0169	0.0087
90.22666667	-0.3033142795	0.0169	0.0087
90.36	-0.3532452964	0.0169	0.0087
90.49333333	-0.2803373178	0.0169	0.0087
90.62666667	-0.1367810465	0.0169	0.0087
90.76166667	0.06959799641	0.0169	0.0087
90.895	0.2059478604	0.0169	0.0087
91.02833333	0.2969287907	0.0169	0.0087
91.16166667	0.2819221906	0.0169	0.0087
91.295	0.1816840057	0.0169	0.0087
91.42833333	0.003949979661	0.0169	0.0087
91.56166667	-0.1811996351	0.0169	0.0087
91.695	-0.3001190489	0.0169	0.0087
91.82833333	-0.3411105728	0.0169	0.0087
91.96166667	-0.279552892	0.0169	0.0087
92.095	-0.115965848	0.0169	0.0087
92.22833333	0.0684765724	0.0169	0.0087
92.36333333	0.2165350737	0.0169	0.0087
92.49666667	0.3005183285	0.0169	0.0087
92.63	0.2886085615	0.0169	0.0087
92.76333333	0.1667243914	0.0169	0.0087
92.89666667	0.003928697691	0.0169	0.0087
93.03	-0.183172851	0.0169	0.0087
93.16333333	-0.308463262	0.0169	0.0087
93.29666667	-0.3323862423	0.0169	0.0087
93.43	-0.272077797	0.0169	0.0087
93.56333333	-0.1034590365	0.0169	0.0087
93.69666667	0.06811073997	0.0169	0.0087
93.83	0.2453955013	0.0169	0.0087
93.965	0.2989254917	0.0169	0.0087
94.09833333	0.2834261474	0.0169	0.0087
94.23166667	0.1613940444	0.0169	0.0087
94.365	-0.00147510028	0.0169	0.0087
94.49833333	-0.1749231641	0.0169	0.0087
94.63166667	-0.3033142795	0.0169	0.0087
94.765	-0.3359558625	0.0169	0.0087
94.89833333	-0.2535012731	0.0169	0.0087
95.03166667	-0.08744243587	0.0169	0.0087
95.165	0.07962087147	0.0169	0.0087
95.29833333	0.2230049872	0.0169	0.0087
95.43166667	0.2985304139	0.0169	0.0087
95.565	0.2840701492	0.0169	0.0087
95.7	0.1507058283	0.0169	0.0087
95.83333333	-0.02854490896	0.0169	0.0087
95.96666667	-0.1802287119	0.0169	0.0087
96.1	-0.3186579321	0.0169	0.0087
96.23333333	-0.3341618772	0.0169	0.0087
96.36666667	-0.2562487901	0.0169	0.0087
96.5	-0.09430218578	0.0169	0.0087
96.63333333	0.08500135023	0.0169	0.0087
96.76666667	0.2388333788	0.0169	0.0087
96.9	0.2985304139	0.0169	0.0087
97.03333333	0.2572829731	0.0169	0.0087
97.16666667	0.1560544297	0.0169	0.0087
97.30166667	-0.02885738553	0.0169	0.0087
97.435	-0.1918340142	0.0169	0.0087
97.56833333	-0.3169529676	0.0169	0.0087
97.70166667	-0.3186579321	0.0169	0.0087
97.835	-0.2429792061	0.0169	0.0087
97.96833333	-0.06673524226	0.0169	0.0087
98.10166667	0.1011120016	0.0169	0.0087
98.235	0.2440829242	0.0169	0.0087
98.36833333	0.2953437612	0.0169	0.0087
98.50166667	0.2559046569	0.0169	0.0087
98.635	0.1430313119	0.0169	0.0087
98.76833333	-0.05498639798	0.0169	0.0087
98.90333333	-0.2152688237	0.0169	0.0087
99.03666667	-0.3082326364	0.0169	0.0087
99.17	-0.3186579321	0.0169	0.0087
99.30333333	-0.2336635455	0.0169	0.0087
99.43666667	-0.06709962103	0.0169	0.0087
99.57	0.1184416084	0.0169	0.0087
99.70333333	0.2649418979	0.0169	0.0087
99.83666667	0.2819221906	0.0169	0.0087
99.97	0.2440829242	0.0169	0.0087
100.1033333	0.1238380648	0.0169	0.0087
100.2366667	-0.05528205888	0.0169	0.0087
100.37	-0.2311536951	0.0169	0.0087
100.505	-0.3082326364	0.0169	0.0087
100.6383333	-0.3169529676	0.0169	0.0087
100.7716667	-0.2152688237	0.0169	0.0087
100.905	-0.05072761646	0.0169	0.0087
101.0383333	0.1130382123	0.0169	0.0087
101.1716667	0.2559046569	0.0169	0.0087
101.305	0.2886085615	0.0169	0.0087
101.4383333	0.2335703795	0.0169	0.0087
101.5716667	0.1178024703	0.0169	0.0087
101.705	-0.0558830129	0.0169	0.0087
101.8383333	-0.2270932638	0.0169	0.0087
101.9716667	-0.3238084292	0.0169	0.0087
102.1066667	-0.3169529676	0.0169	0.0087
102.24	-0.1939173762	0.0169	0.0087
102.3733333	-0.03936653756	0.0169	0.0087
102.5066667	0.1238380648	0.0169	0.0087
102.64	0.2545407112	0.0169	0.0087
102.7733333	0.2886085615	0.0169	0.0087
102.9066667	0.2388333788	0.0169	0.0087
103.04	0.1094117776	0.0169	0.0087
103.1733333	-0.07254939429	0.0169	0.0087
103.3066667	-0.2295761529	0.0169	0.0087
103.44	-0.3273557942	0.0169	0.0087
103.5733333	-0.3065761121	0.0169	0.0087
103.7083333	-0.2057304501	0.0169	0.0087
103.8416667	-0.03377390104	0.0169	0.0087
103.975	0.1292272811	0.0169	0.0087
104.1083333	0.2414986349	0.0169	0.0087
104.2416667	0.2937750767	0.0169	0.0087
104.375	0.2194585979	0.0169	0.0087
104.5083333	0.09136131858	0.0169	0.0087
104.6416667	-0.07757175273	0.0169	0.0087
104.775	-0.2324019666	0.0169	0.0087
104.9083333	-0.3221151784	0.0169	0.0087
105.0416667	-0.3049367453	0.0169	0.0087
105.175	-0.1928701392	0.0169	0.0087
105.31	-0.01230071166	0.0169	0.0087
105.4433333	0.1507058283	0.0169	0.0087
105.5766667	0.2559046569	0.0169	0.0087
105.71	0.2870801727	0.0169	0.0087
105.8433333	0.234830736	0.0169	0.0087
105.9766667	0.08989258234	0.0169	0.0087
106.11	-0.08343568271	0.0169	0.0087
106.2433333	-0.2482472553	0.0169	0.0087
106.3766667	-0.3186579321	0.0169	0.0087
106.51	-0.2908826666	0.0169	0.0087
106.6433333	-0.1749231641	0.0169	0.0087
106.7766667	-0.00146710951	0.0169	0.0087
106.9116667	0.1507058283	0.0169	0.0087
107.045	0.2738356919	0.0169	0.0087
107.1783333	0.2922224932	0.0169	0.0087
107.3116667	0.2093267669	0.0169	0.0087
107.445	0.0791936765	0.0169	0.0087
107.5783333	-0.1051463987	0.0169	0.0087
107.7116667	-0.2643990635	0.0169	0.0087
107.845	-0.3065761121	0.0169	0.0087
107.9783333	-0.2788225444	0.0169	0.0087
108.1116667	-0.1651707551	0.0169	0.0087
108.245	0.003928697691	0.0169	0.0087
108.3783333	0.1560544297	0.0169	0.0087
108.5133333	0.2611377956	0.0169	0.0087
108.6466667	0.2834261474	0.0169	0.0087
108.78	0.2070621513	0.0169	0.0087
108.9133333	0.06922013587	0.0169	0.0087
109.0466667	-0.09972723388	0.0169	0.0087
109.18	-0.2535012731	0.0169	0.0087
109.3133333	-0.3169529676	0.0169	0.0087
109.4466667	-0.2810455719	0.0169	0.0087
109.58	-0.1651707551	0.0169	0.0087
109.7133333	0.009417851573	0.0169	0.0087
109.8466667	0.165832909	0.0169	0.0087
109.98	0.2531909173	0.0169	0.0087
110.115	0.2715600625	0.0169	0.0087
110.2483333	0.1932274932	0.0169	0.0087
110.3816667	0.05265527944	0.0169	0.0087
110.515	-0.1213655226	0.0169	0.0087
110.6483333	-0.2533149765	0.0169	0.0087
110.7816667	-0.3221151784	0.0169	0.0087
110.915	-0.2773236332	0.0169	0.0087
111.0483333	-0.1428902167	0.0169	0.0087
111.1816667	0.02019858516	0.0169	0.0087
111.315	0.1720451927	0.0169	0.0087
111.4483333	0.2701207092	0.0169	0.0087
111.5816667	0.2611377956	0.0169	0.0087
111.7166667	0.1826570621	0.0169	0.0087
111.85	0.0308585381	0.0169	0.0087
111.9833333	-0.1260750042	0.0169	0.0087
112.1166667	-0.2587410264	0.0169	0.0087
112.25	-0.3065761121	0.0169	0.0087
112.3833333	-0.2573633181	0.0169	0.0087
112.5166667	-0.1413627646	0.0169	0.0087
112.65	0.0308585381	0.0169	0.0087
112.7833333	0.1869476597	0.0169	0.0087
112.9166667	0.2789604209	0.0169	0.0087
113.05	0.2545407112	0.0169	0.0087
113.1833333	0.1720451927	0.0169	0.0087
113.3183333	0.02533843813	0.0169	0.0087
113.4516667	-0.1482514137	0.0169	0.0087
113.585	-0.2653839513	0.0169	0.0087
113.7183333	-0.3169529676	0.0169	0.0087
113.8516667	-0.2548677882	0.0169	0.0087
113.985	-0.1267580945	0.0169	0.0087
114.1183333	0.0420729816	0.0169	0.0087
114.2516667	0.1792786544	0.0169	0.0087
114.385	0.2701207092	0.0169	0.0087
114.5183333	0.2493187792	0.0169	0.0087
114.6516667	0.1560544297	0.0169	0.0087
114.785	0.003971493457	0.0169	0.0087
114.92	-0.1267580945	0.0169	0.0087
115.0533333	-0.2629620156	0.0169	0.0087
115.1866667	-0.308463262	0.0169	0.0087
115.32	-0.2469206811	0.0169	0.0087
115.4533333	-0.1153398285	0.0169	0.0087
115.5866667	0.04725168827	0.0169	0.0087
115.72	0.192200853	0.0169	0.0087
115.8533333	0.2635420529	0.0169	0.0087
115.9866667	0.2453955013	0.0169	0.0087
116.12	0.1399828048	0.0169	0.0087
116.2533333	-0.01243542616	0.0169	0.0087
116.3866667	-0.1598082835	0.0169	0.0087
116.5216667	-0.272077797	0.0169	0.0087
116.655	-0.3049367453	0.0169	0.0087
116.7883333	-0.2376973626	0.0169	0.0087
116.9216667	-0.09918762317	0.0169	0.0087
117.055	0.05265527944	0.0169	0.0087
117.1883333	0.2108753627	0.0169	0.0087
117.3216667	0.2701207092	0.0169	0.0087
117.455	0.2401199506	0.0169	0.0087
117.5883333	0.1331678492	0.0169	0.0087
117.7216667	-0.006810330271	0.0169	0.0087
117.855	-0.1705236573	0.0169	0.0087
117.9883333	-0.2788025024	0.0169	0.0087
118.1233333	-0.2977376733	0.0169	0.0087
118.2566667	-0.2274866896	0.0169	0.0087
118.39	-0.0986538017	0.0169	0.0087
118.5233333	0.06997999816	0.0169	0.0087
118.6566667	0.2059478604	0.0169	0.0087
118.79	0.2572829731	0.0169	0.0087
118.9233333	0.234830736	0.0169	0.0087
119.0566667	0.1338845497	0.0169	0.0087
119.19	-0.02338469122	0.0169	0.0087
119.3233333	-0.1811996351	0.0169	0.0087
119.4566667	-0.2788225444	0.0169	0.0087
119.59	-0.3065761121	0.0169	0.0087
119.725	-0.2176176061	0.0169	0.0087
119.8583333	-0.07215561947	0.0169	0.0087
119.9916667	0.09574721783	0.0169	0.0087
120.125	0.2112474763	0.0169	0.0087
120.2583333	0.2649418979	0.0169	0.0087
120.3916667	0.2282941673	0.0169	0.0087
120.525	0.1184416084	0.0169	0.0087
120.6583333	-0.03395671778	0.0169	0.0087
120.7916667	-0.1841754794	0.0169	0.0087
120.925	-0.2825538493	0.0169	0.0087
121.0583333	-0.3049367453	0.0169	0.0087
121.1916667	-0.2099488316	0.0169	0.0087
121.3266667	-0.06164585318	0.0169	0.0087
121.46	0.09626550889	0.0169	0.0087
121.5933333	0.2218103988	0.0169	0.0087
121.7266667	0.2611377956	0.0169	0.0087
121.86	0.2246693813	0.0169	0.0087
121.9933333	0.1225098323	0.0169	0.0087
122.1266667	-0.03979726215	0.0169	0.0087
122.26	-0.1895812867	0.0169	0.0087
122.3933333	-0.2856181558	0.0169	0.0087
122.5266667	-0.2856181558	0.0169	0.0087
122.66	-0.1749231641	0.0169	0.0087
122.7933333	-0.03958072869	0.0169	0.0087
122.9283333	0.1130382123	0.0169	0.0087
123.0616667	0.2218103988	0.0169	0.0087
123.195	0.2611377956	0.0169	0.0087
123.3283333	0.2230049872	0.0169	0.0087
123.4616667	0.1118237701	0.0169	0.0087
123.595	-0.06164585318	0.0169	0.0087
123.7283333	-0.1949759025	0.0169	0.0087
123.8616667	-0.2803373178	0.0169	0.0087
123.995	-0.2788225444	0.0169	0.0087
124.1283333	-0.1885506208	0.0169	0.0087
124.2616667	-0.03915465095	0.0169	0.0087
124.395	0.1218562909	0.0169	0.0087
124.53	0.2335703795	0.0169	0.0087
124.6633333	0.2715600625	0.0169	0.0087
124.7966667	0.209000852	0.0169	0.0087
124.93	0.09136131858	0.0169	0.0087
125.0633333	-0.05649716203	0.0169	0.0087
125.1966667	-0.1992728429	0.0169	0.0087
125.33	-0.2893173022	0.0169	0.0087
125.4633333	-0.2587410264	0.0169	0.0087
125.5966667	-0.158947808	0.0169	0.0087
125.73	-0.01752673995	0.0169	0.0087
125.8633333	0.1238380648	0.0169	0.0087
125.9966667	0.2218103988	0.0169	0.0087
126.1316667	0.2677855974	0.0169	0.0087
126.265	0.2081883901	0.0169	0.0087
126.3983333	0.07962087147	0.0169	0.0087
126.5316667	-0.08209314782	0.0169	0.0087
126.665	-0.2258715085	0.0169	0.0087
126.7983333	-0.2810455719	0.0169	0.0087
126.9316667	-0.272077797	0.0169	0.0087
127.065	-0.1651707551	0.0169	0.0087
127.1983333	-0.01771658902	0.0169	0.0087
127.3316667	0.1437955198	0.0169	0.0087
127.465	0.2388333788	0.0169	0.0087
127.5983333	0.2545407112	0.0169	0.0087
127.7333333	0.1932274932	0.0169	0.0087
127.8666667	0.0684765724	0.0169	0.0087
128	-0.08343568271	0.0169	0.0087
128.1333333	-0.2152688237	0.0169	0.0087
128.2666667	-0.2810455719	0.0169	0.0087
128.4	-0.2535012731	0.0169	0.0087
128.5333333	-0.1474556302	0.0169	0.0087
128.6666667	-0.006884112579	0.0169	0.0087
128.8	0.1453485244	0.0169	0.0087
128.9333333	0.2440829242	0.0169	0.0087
129.0666667	0.2479943335	0.0169	0.0087
129.2	0.1720451927	0.0169	0.0087
129.335	0.05237209669	0.0169	0.0087
129.4683333	-0.09918762317	0.0169	0.0087
129.6016667	-0.2336635455	0.0169	0.0087
129.735	-0.2840779627	0.0169	0.0087
129.8683333	-0.2548677882	0.0169	0.0087
130.0016667	-0.1428902167	0.0169	0.0087
130.135	0.003971493457	0.0169	0.0087
130.2683333	0.1560544297	0.0169	0.0087
130.4016667	0.2427840384	0.0169	0.0087
130.535	0.2440829242	0.0169	0.0087
130.6683333	0.1720451927	0.0169	0.0087
130.8016667	0.04674598144	0.0169	0.0087
130.9366667	-0.1099620532	0.0169	0.0087
131.07	-0.2234663643	0.0169	0.0087
131.2033333	-0.2840779627	0.0169	0.0087
131.3366667	-0.2573633181	0.0169	0.0087
131.47	-0.1213655226	0.0169	0.0087
131.6033333	0.03663481035	0.0169	0.0087
131.7366667	0.1552180838	0.0169	0.0087
131.87	0.2493187792	0.0169	0.0087
132.0033333	0.2440829242	0.0169	0.0087
132.1366667	0.1693175598	0.0169	0.0087
132.27	0.04699747551	0.0169	0.0087
132.4033333	-0.1213655226	0.0169	0.0087
132.5383333	-0.2482472553	0.0169	0.0087
132.6716667	-0.2758403429	0.0169	0.0087
132.805	-0.2429792061	0.0169	0.0087
132.9383333	-0.1045778844	0.0169	0.0087
133.0716667	0.04674598144	0.0169	0.0087
133.205	0.1773561735	0.0169	0.0087
133.3383333	0.2401199506	0.0169	0.0087
133.4716667	0.2440829242	0.0169	0.0087
133.605	0.007983066933	0.0169	0.0087
133.7383333	0.01470350579	0.0169	0.0087
133.8716667	-0.1267580945	0.0169	0.0087
134.005	-0.2376973626	0.0169	0.0087
134.14	-0.2840779627	0.0169	0.0087
134.2733333	-0.2376973626	0.0169	0.0087
134.4066667	-0.1051463987	0.0169	0.0087
134.54	0.04750866403	0.0169	0.0087
134.6733333	0.1802554387	0.0169	0.0087
134.8066667	0.2440829242	0.0169	0.0087
134.94	0.2295281014	0.0169	0.0087
135.0733333	0.1515230948	0.0169	0.0087
135.2066667	0.01486365102	0.0169	0.0087
135.34	-0.1382684193	0.0169	0.0087
135.4733333	-0.244293685	0.0169	0.0087
135.6066667	-0.2788225444	0.0169	0.0087
135.74	-0.2176176061	0.0169	0.0087
135.875	-0.1008242026	0.0169	0.0087
136.0083333	0.05837128638	0.0169	0.0087
136.1416667	0.1802554387	0.0169	0.0087
136.275	0.2440829242	0.0169	0.0087
136.4083333	0.2230049872	0.0169	0.0087
136.5416667	0.1285311769	0.0169	0.0087
136.675	-0.0123677021	0.0169	0.0087
136.8083333	-0.1669762544	0.0169	0.0087
136.9416667	-0.2523120516	0.0169	0.0087
137.075	-0.2668165605	0.0169	0.0087
137.2083333	-0.1992728429	0.0169	0.0087
137.3416667	-0.08839003948	0.0169	0.0087
137.4766667	0.06414601976	0.0169	0.0087
137.61	0.1836404796	0.0169	0.0087
137.7433333	0.2453955013	0.0169	0.0087
137.8766667	0.2230049872	0.0169	0.0087
138.01	0.1238380648	0.0169	0.0087
138.1433333	-0.01791059555	0.0169	0.0087
138.2766667	-0.1615572436	0.0169	0.0087
138.41	-0.2523120516	0.0169	0.0087
138.5433333	-0.2629620156	0.0169	0.0087
138.6766667	-0.1939173762	0.0169	0.0087
138.81	-0.07215561947	0.0169	0.0087
138.9433333	0.06959799641	0.0169	0.0087
139.0783333	0.1856390586	0.0169	0.0087
139.2116667	0.2520096573	0.0169	0.0087
139.345	0.2142356736	0.0169	0.0087
139.4783333	0.1076281791	0.0169	0.0087
139.6116667	-0.02870029698	0.0169	0.0087
139.745	-0.1723853844	0.0169	0.0087
139.8783333	-0.2629620156	0.0169	0.0087
140.0116667	-0.2601332284	0.0169	0.0087
140.145	-0.1939173762	0.0169	0.0087
140.2783333	-0.06131093499	0.0169	0.0087
140.4116667	0.08546207497	0.0169	0.0087
140.545	0.1942650208	0.0169	0.0087
140.68	0.2401199506	0.0169	0.0087
140.8133333	0.199560836	0.0169	0.0087
140.9466667	0.09785449537	0.0169	0.0087
141.08	-0.0558830129	0.0169	0.0087
141.2133333	-0.177784345	0.0169	0.0087
141.3466667	-0.2523120516	0.0169	0.0087
141.48	-0.2629620156	0.0169	0.0087
141.6133333	-0.1768203825	0.0169	0.0087
141.7466667	-0.03979726215	0.0169	0.0087
141.88	0.1076281791	0.0169	0.0087
142.0133333	0.2017236315	0.0169	0.0087
142.1466667	0.2467219826	0.0169	0.0087
142.2816667	0.1963734295	0.0169	0.0087
142.415	0.09086645058	0.0169	0.0087
142.5483333	-0.05618841109	0.0169	0.0087
142.6816667	-0.1821809595	0.0169	0.0087
142.815	-0.2548677882	0.0169	0.0087
142.9483333	-0.2548677882	0.0169	0.0087
143.0816667	-0.1615572436	0.0169	0.0087
143.215	-0.02325736985	0.0169	0.0087
143.3483333	0.1130382123	0.0169	0.0087
143.4816667	0.212388724	0.0169	0.0087
143.615	0.2453955013	0.0169	0.0087
143.7483333	0.1836404796	0.0169	0.0087
143.8833333	0.05897215554	0.0169	0.0087
144.0166667	-0.06232677361	0.0169	0.0087
144.15	-0.2099488316	0.0169	0.0087
144.2833333	-0.2682643461	0.0169	0.0087
144.4166667	-0.2562487901	0.0169	0.0087
144.55	-0.1615572436	0.0169	0.0087
144.6833333	-0.01800920078	0.0169	0.0087
144.8166667	0.1292272811	0.0169	0.0087
144.95	0.2188835694	0.0169	0.0087
145.0833333	0.2453955013	0.0169	0.0087
145.2166667	0.1802554387	0.0169	0.0087
145.35	0.06959799641	0.0169	0.0087
145.485	-0.07757175273	0.0169	0.0087
145.6183333	-0.1982210477	0.0169	0.0087
145.7516667	-0.2735512648	0.0169	0.0087
145.885	-0.2283280763	0.0169	0.0087
146.0183333	-0.1390242237	0.0169	0.0087
146.1516667	0.003971493457	0.0169	0.0087
146.285	0.1285311769	0.0169	0.0087
146.4183333	0.2230049872	0.0169	0.0087
146.5516667	0.2335703795	0.0169	0.0087
146.685	0.1802554387	0.0169	0.0087
146.8183333	0.05323092385	0.0169	0.0087
146.9516667	-0.08343568271	0.0169	0.0087
147.0866667	-0.2068561653	0.0169	0.0087
147.22	-0.2629620156	0.0169	0.0087
147.3533333	-0.222979344	0.0169	0.0087
147.4866667	-0.1220272372	0.0169	0.0087
147.62	0.01486365102	0.0169	0.0087
147.7533333	0.1338845497	0.0169	0.0087
147.8866667	0.2230049872	0.0169	0.0087
148.02	0.234830736	0.0169	0.0087
148.1533333	0.1640422121	0.0169	0.0087
148.2866667	0.03119447044	0.0169	0.0087
148.42	-0.1013817555	0.0169	0.0087
148.5533333	-0.2217715043	0.0169	0.0087
148.6883333	-0.2629620156	0.0169	0.0087
148.8216667	-0.222979344	0.0169	0.0087
148.955	-0.1213655226	0.0169	0.0087
149.0883333	0.02575228278	0.0169	0.0087
149.2216667	0.1453485244	0.0169	0.0087
149.355	0.225432523	0.0169	0.0087
149.4883333	0.2230049872	0.0169	0.0087
149.6216667	0.1523492046	0.0169	0.0087
149.755	0.03663481035	0.0169	0.0087
149.8883333	0.08137665211	0.0169	0.0087
150.0216667	-0.2295761529	0.0169	0.0087
150.155	-0.2668165605	0.0169	0.0087
150.29	-0.2176176061	0.0169	0.0087
150.4233333	-0.1051463987	0.0169	0.0087
150.5566667	0.03663481035	0.0169	0.0087
150.69	0.1613940444	0.0169	0.0087
150.8233333	0.2282941673	0.0169	0.0087
150.9566667	0.2177030884	0.0169	0.0087
151.09	0.1407435222	0.0169	0.0087
151.2233333	0.01486365102	0.0169	0.0087
151.3566667	-0.1267580945	0.0169	0.0087
151.49	-0.2283280763	0.0169	0.0087
151.6233333	-0.2562487901	0.0169	0.0087
151.7566667	-0.2152688237	0.0169	0.0087
151.8916667	-0.1063021042	0.0169	0.0087
152.025	0.04750866403	0.0169	0.0087
152.1583333	0.1694567301	0.0169	0.0087
152.2916667	0.2230049872	0.0169	0.0087
152.425	0.2230049872	0.0169	0.0087
152.5583333	0.136081407	0.0169	0.0087
152.6916667	-0.006959511068	0.0169	0.0087
152.825	-0.1267580945	0.0169	0.0087
152.9583333	-0.2270932638	0.0169	0.0087
153.0916667	-0.2562487901	0.0169	0.0087
153.225	-0.1875309697	0.0169	0.0087
153.3583333	-0.07799485399	0.0169	0.0087
153.4933333	0.06922013587	0.0169	0.0087
153.6266667	0.1792786544	0.0169	0.0087
153.76	0.2242122951	0.0169	0.0087
153.8933333	0.2165350737	0.0169	0.0087
154.0266667	0.1231703859	0.0169	0.0087
154.16	-0.01800920078	0.0169	0.0087
154.2933333	-0.1498688345	0.0169	0.0087
154.4266667	-0.2376973626	0.0169	0.0087
154.56	-0.2668165605	0.0169	0.0087
154.6933333	-0.1875309697	0.0169	0.0087
154.8266667	-0.0843553114	0.0169	0.0087
154.96	0.06884634969	0.0169	0.0087
155.095	0.1764101524	0.0169	0.0087
155.2283333	0.2282941673	0.0169	0.0087
155.3616667	0.1984965091	0.0169	0.0087
155.495	0.1178024703	0.0169	0.0087
155.6283333	-0.01791059555	0.0169	0.0087
155.7616667	-0.1642824375	0.0169	0.0087
155.895	-0.2429792061	0.0169	0.0087
156.0283333	-0.2521490231	0.0169	0.0087
156.1616667	-0.177784345	0.0169	0.0087
156.295	-0.06131093499	0.0169	0.0087
156.4283333	0.06959799641	0.0169	0.0087
156.5616667	0.1783122873	0.0169	0.0087
156.6966667	0.2230049872	0.0169	0.0087
156.83	0.2006364838	0.0169	0.0087
156.9633333	0.1011120016	0.0169	0.0087
157.0966667	-0.02870029698	0.0169	0.0087
157.23	-0.1506907511	0.0169	0.0087
157.3633333	-0.238985498	0.0169	0.0087
157.4966667	-0.244293685	0.0169	0.0087
157.63	-0.1714495166	0.0169	0.0087
157.7633333	-0.03958072869	0.0169	0.0087
157.8966667	0.08546207497	0.0169	0.0087
158.03	0.1802554387	0.0169	0.0087
158.1633333	0.2242122951	0.0169	0.0087
158.2983333	0.1816840057	0.0169	0.0087
158.4316667	0.08687463455	0.0169	0.0087
158.565	-0.03958072869	0.0169	0.0087
158.6983333	-0.1733314222	0.0169	0.0087
158.8316667	-0.2402873998	0.0169	0.0087
158.965	-0.2336635455	0.0169	0.0087
159.0983333	-0.1606780454	0.0169	0.0087
159.2316667	-0.03432835135	0.0169	0.0087
159.365	0.096789424	0.0169	0.0087
159.4983333	0.1963734295	0.0169	0.0087
159.6316667	0.2298677843	0.0169	0.0087
159.765	0.1802554387	0.0169	0.0087
159.9	0.07504583208	0.0169	0.0087
160.0333333	-0.06164585318	0.0169	0.0087
160.1666667	-0.177784345	0.0169	0.0087
160.3	-0.238985498	0.0169	0.0087
160.4333333	-0.238985498	0.0169	0.0087
160.5666667	-0.1321432646	0.0169	0.0087
160.7	-0.03414152367	0.0169	0.0087
160.8333333	0.09626550889	0.0169	0.0087
160.9666667	0.2006364838	0.0169	0.0087
161.1	0.2006364838	0.0169	0.0087
161.2333333	0.1739124696	0.0169	0.0087
161.3666667	0.06379759086	0.0169	0.0087
161.5016667	-0.08298332967	0.0169	0.0087
161.635	-0.1807396438	0.0169	0.0087
161.7683333	-0.2456221749	0.0169	0.0087
161.9016667	-0.2283280763	0.0169	0.0087
162.035	-0.1267580945	0.0169	0.0087
162.1683333	-0.00146710951	0.0169	0.0087
162.3016667	0.1184416084	0.0169	0.0087
162.435	0.1953136078	0.0169	0.0087
162.5683333	0.2282941673	0.0169	0.0087
162.7016667	0.1560544297	0.0169	0.0087
162.835	0.0420729816	0.0169	0.0087
162.9683333	-0.08887156466	0.0169	0.0087
163.1033333	-0.1939173762	0.0169	0.0087
163.2366667	-0.2456221749	0.0169	0.0087
163.37	-0.2205764677	0.0169	0.0087
163.5033333	-0.1213655226	0.0169	0.0087
163.6366667	0.01486365102	0.0169	0.0087
163.77	0.1346089596	0.0169	0.0087
163.9033333	0.1963734295	0.0169	0.0087
164.0366667	0.2230049872	0.0169	0.0087
164.17	0.1477414984	0.0169	0.0087
164.3033333	0.04750866403	0.0169	0.0087
164.4366667	-0.1117736096	0.0169	0.0087
164.57	-0.1949759025	0.0169	0.0087
164.705	-0.238985498	0.0169	0.0087
164.8383333	-0.2176176061	0.0169	0.0087
164.9716667	-0.1178851625	0.0169	0.0087
165.105	0.02030856893	0.0169	0.0087
165.2383333	0.136081407	0.0169	0.0087
165.3716667	0.2177030884	0.0169	0.0087
165.505	0.2218103988	0.0169	0.0087
165.6383333	0.136081407	0.0169	0.0087
165.7716667	0.02589325085	0.0169	0.0087
165.905	-0.1051463987	0.0169	0.0087
166.0383333	-0.2164369426	0.0169	0.0087
166.1716667	-0.2402873998	0.0169	0.0087
166.3066667	-0.1992728429	0.0169	0.0087
166.44	-0.1045778844	0.0169	0.0087
166.5733333	0.03663481035	0.0169	0.0087
166.7066667	0.1392302137	0.0169	0.0087
166.84	0.2006364838	0.0169	0.0087
166.9733333	0.2112474763	0.0169	0.0087
167.1066667	0.1231703859	0.0169	0.0087
167.24	0.009417851573	0.0169	0.0087
167.3733333	-0.1045778844	0.0169	0.0087
167.5066667	-0.2164369426	0.0169	0.0087
167.64	-0.2376973626	0.0169	0.0087
167.7733333	-0.1939173762	0.0169	0.0087
167.9083333	-0.0843553114	0.0169	0.0087
168.0416667	0.04750866403	0.0169	0.0087
168.175	0.1531843007	0.0169	0.0087
168.3083333	0.2177030884	0.0169	0.0087
168.4416667	0.212388724	0.0169	0.0087
168.575	0.1184416084	0.0169	0.0087
168.7083333	0.003928697691	0.0169	0.0087
168.8416667	-0.1452438633	0.0169	0.0087
168.975	-0.2164369426	0.0169	0.0087
169.1083333	-0.2258715085	0.0169	0.0087
169.2416667	-0.177784345	0.0169	0.0087
169.375	-0.07254939429	0.0169	0.0087
169.51	0.04750866403	0.0169	0.0087
169.6433333	0.1613940444	0.0169	0.0087
169.7766667	0.209000852	0.0169	0.0087
169.91	0.1910118143	0.0169	0.0087
170.0433333	0.103335729	0.0169	0.0087
170.1766667	-0.02338469122	0.0169	0.0087
170.31	-0.1321432646	0.0169	0.0087
170.4433333	-0.2205764677	0.0169	0.0087
170.5766667	-0.238985498	0.0169	0.0087
170.71	-0.1696076483	0.0169	0.0087
170.8433333	-0.06164585318	0.0169	0.0087
170.9766667	0.0684765724	0.0169	0.0087
171.1116667	0.1694567301	0.0169	0.0087
171.245	0.2081883901	0.0169	0.0087
171.3783333	0.1869476597	0.0169	0.0087
171.5116667	0.096789424	0.0169	0.0087
171.645	-0.03414152367	0.0169	0.0087
171.7783333	-0.1651707551	0.0169	0.0087
171.9116667	-0.2270932638	0.0169	0.0087
172.045	-0.2324019666	0.0169	0.0087
172.1783333	-0.1615572436	0.0169	0.0087
172.3116667	-0.04501759154	0.0169	0.0087
172.445	0.08005269037	0.0169	0.0087
172.5783333	0.1773561735	0.0169	0.0087
172.7133333	0.2177030884	0.0169	0.0087
172.8466667	0.1720451927	0.0169	0.0087
172.98	0.08048920852	0.0169	0.0087
173.1133333	-0.03958072869	0.0169	0.0087
173.2466667	-0.1536040393	0.0169	0.0087
173.38	-0.2336635455	0.0169	0.0087
173.5133333	-0.2283280763	0.0169	0.0087
173.6466667	-0.1506907511	0.0169	0.0087
173.78	-0.03432835135	0.0169	0.0087
173.9133333	0.08546207497	0.0169	0.0087
174.0466667	0.1802554387	0.0169	0.0087
174.18	0.212388724	0.0169	0.0087
174.315	0.1711263642	0.0169	0.0087
174.4483333	0.08005269037	0.0169	0.0087
174.5816667	-0.06131093499	0.0169	0.0087
174.715	-0.1669762544	0.0169	0.0087
174.8483333	-0.2336635455	0.0169	0.0087
174.9816667	-0.2164369426	0.0169	0.0087
175.115	-0.133589388	0.0169	0.0087
175.2483333	-0.03470820619	0.0169	0.0087
175.3816667	0.09731905491	0.0169	0.0087
175.515	0.1802554387	0.0169	0.0087
175.6483333	0.212388724	0.0169	0.0087
175.7816667	0.1568997627	0.0169	0.0087
175.9166667	0.04750866403	0.0169	0.0087
176.05	-0.07334995651	0.0169	0.0087
176.1833333	-0.1634035391	0.0169	0.0087
176.3166667	-0.2324019666	0.0169	0.0087
176.45	-0.2046167503	0.0169	0.0087
176.5833333	-0.1267580945	0.0169	0.0087
176.7166667	-0.0125731239	0.0169	0.0087
176.85	0.1016589435	0.0169	0.0087
176.9833333	0.1899794977	0.0169	0.0087
177.1166667	0.2070621513	0.0169	0.0087
177.25	0.1560544297	0.0169	0.0087
177.3833333	0.04230311787	0.0169	0.0087
177.5166667	-0.08298332967	0.0169	0.0087
177.6516667	-0.183172851	0.0169	0.0087
177.785	-0.2283280763	0.0169	0.0087
177.9183333	-0.2046167503	0.0169	0.0087
178.0516667	-0.1063021042	0.0169	0.0087
178.185	0.009469424833	0.0169	0.0087
178.3183333	0.1016589435	0.0169	0.0087
178.4516667	0.2006364838	0.0169	0.0087
178.585	0.1984965091	0.0169	0.0087
178.7183333	0.1523492046	0.0169	0.0087
178.8516667	0.03663481035	0.0169	0.0087
178.985	-0.08343568271	0.0169	0.0087
179.12	-0.1841754794	0.0169	0.0087
179.2533333	-0.2283280763	0.0169	0.0087
179.3866667	-0.1992728429	0.0169	0.0087
179.52	-0.1068895002	0.0169	0.0087
179.6533333	0.01486365102	0.0169	0.0087
179.7866667	0.1197408182	0.0169	0.0087
179.92	0.1984965091	0.0169	0.0087
180.0533333	0.2028224619	0.0169	0.0087
180.1866667	0.1178024703	0.0169	0.0087
180.32	0.02575228278	0.0169	0.0087
180.4533333	-0.1002727282	0.0169	0.0087
180.5866667	-0.1841754794	0.0169	0.0087
180.72	-0.2217715043	0.0169	0.0087
180.855	-0.1885506208	0.0169	0.0087
180.9883333	-0.0843553114	0.0169	0.0087
181.1216667	0.02575228278	0.0169	0.0087
181.255	0.136081407	0.0169	0.0087
181.3883333	0.212388724	0.0169	0.0087
181.5216667	0.2017236315	0.0169	0.0087
181.655	0.1346089596	0.0169	0.0087
181.7883333	-0.001483178572	0.0169	0.0087
181.9216667	-0.1057211049	0.0169	0.0087
182.055	-0.1939173762	0.0169	0.0087
182.1883333	-0.2188110139	0.0169	0.0087
182.3216667	-0.1895812867	0.0169	0.0087
182.4566667	-0.08298332967	0.0169	0.0087
182.59	0.02575228278	0.0169	0.0087
182.7233333	0.1560544297	0.0169	0.0087
182.8566667	0.1974433277	0.0169	0.0087
182.99	0.1910118143	0.0169	0.0087
183.1233333	0.1184416084	0.0169	0.0087
183.2566667	0.003971493457	0.0169	0.0087
183.39	-0.1172384028	0.0169	0.0087
183.5233333	-0.1992728429	0.0169	0.0087
183.6566667	-0.2242001899	0.0169	0.0087
183.79	-0.1723853844	0.0169	0.0087
183.9233333	-0.06673524226	0.0169	0.0087
184.0583333	0.03663481035	0.0169	0.0087
184.1916667	0.1577542273	0.0169	0.0087
184.325	0.1879475903	0.0169	0.0087
184.4583333	0.1856390586	0.0169	0.0087
184.5916667	0.096789424	0.0169	0.0087
184.725	-0.01781306411	0.0169	0.0087
184.8583333	-0.1226961705	0.0169	0.0087
184.9916667	-0.2188110139	0.0169	0.0087
185.125	-0.2164369426	0.0169	0.0087
185.2583333	-0.1598082835	0.0169	0.0087
185.3916667	-0.0558830129	0.0169	0.0087
185.525	0.05294153838	0.0169	0.0087
185.66	0.1613940444	0.0169	0.0087
185.7933333	0.2017236315	0.0169	0.0087
185.9266667	0.1802554387	0.0169	0.0087
186.06	0.09136131858	0.0169	0.0087
186.1933333	-0.02325736985	0.0169	0.0087
186.3266667	-0.1281466017	0.0169	0.0087
186.46	-0.2164369426	0.0169	0.0087
186.5933333	-0.2046167503	0.0169	0.0087
186.7266667	-0.1452438633	0.0169	0.0087
186.86	-0.05618841109	0.0169	0.0087
186.9933333	0.06922013587	0.0169	0.0087
187.1266667	0.1667243914	0.0169	0.0087
187.2616667	0.1953136078	0.0169	0.0087
187.395	0.1748612347	0.0169	0.0087
187.5283333	0.07463860678	0.0169	0.0087
187.6616667	-0.03958072869	0.0169	0.0087
187.795	-0.1561286441	0.0169	0.0087
187.9283333	-0.2099488316	0.0169	0.0087
188.0616667	-0.211089837	0.0169	0.0087
188.195	-0.1452438633	0.0169	0.0087
188.3283333	-0.03979726215	0.0169	0.0087
188.4616667	0.07463860678	0.0169	0.0087
188.595	0.1720451927	0.0169	0.0087
188.7283333	0.2048453309	0.0169	0.0087
188.8633333	0.1685361477	0.0169	0.0087
188.9966667	0.07463860678	0.0169	0.0087
189.13	-0.06164585318	0.0169	0.0087
189.2633333	-0.1506907511	0.0169	0.0087
189.3966667	-0.2152688237	0.0169	0.0087
189.53	-0.2057304501	0.0169	0.0087
189.6633333	-0.1375207367	0.0169	0.0087
189.7966667	-0.02351341404	0.0169	0.0087
189.93	0.09626550889	0.0169	0.0087
190.0633333	0.1711263642	0.0169	0.0087
190.1966667	0.1910118143	0.0169	0.0087
190.33	0.1568997627	0.0169	0.0087
190.465	0.04750866403	0.0169	0.0087
190.5983333	-0.07215561947	0.0169	0.0087
190.7316667	-0.1615572436	0.0169	0.0087
190.865	-0.2217715043	0.0169	0.0087
190.9983333	-0.1949759025	0.0169	0.0087
191.1316667	-0.03470820619	0.0169	0.0087
191.265	0.003971493457	0.0169	0.0087
191.3983333	0.08687463455	0.0169	0.0087
191.5316667	0.1856390586	0.0169	0.0087
191.665	0.1846344224	0.0169	0.0087
191.7983333	0.158617971	0.0169	0.0087
191.9316667	0.03119447044	0.0169	0.0087
192.0666667	-0.06131093499	0.0169	0.0087
192.2	-0.1723853844	0.0169	0.0087
192.3333333	-0.2099488316	0.0169	0.0087
192.4666667	-0.1851890179	0.0169	0.0087
192.6	-0.1123907429	0.0169	0.0087
192.7333333	-0.00147510028	0.0169	0.0087
192.8666667	0.1124277255	0.0169	0.0087
193	0.2017236315	0.0169	0.0087
193.1333333	0.1910118143	0.0169	0.0087
193.2666667	0.1292272811	0.0169	0.0087
193.4	0.03119447044	0.0169	0.0087
193.5333333	-0.08343568271	0.0169	0.0087
193.6683333	-0.1787587627	0.0169	0.0087
193.8016667	-0.2217715043	0.0169	0.0087
193.935	-0.183172851	0.0169	0.0087
194.0683333	-0.09918762317	0.0169	0.0087
194.2016667	0.00936683702	0.0169	0.0087
194.335	0.1285311769	0.0169	0.0087
194.4683333	0.1866545595	0.0169	0.0087
194.6016667	0.1866545595	0.0169	0.0087
194.735	0.1149099327	0.0169	0.0087
194.8683333	0.02575228278	0.0169	0.0087
195.0016667	-0.1051463987	0.0169	0.0087
195.135	-0.177784345	0.0169	0.0087
195.27	-0.2152688237	0.0169	0.0087
195.4033333	-0.1723853844	0.0169	0.0087
195.5366667	-0.08343568271	0.0169	0.0087
195.67	0.0420729816	0.0169	0.0087
195.8033333	0.1392302137	0.0169	0.0087
195.9366667	0.1802554387	0.0169	0.0087
196.07	0.1773561735	0.0169	0.0087
196.2033333	0.1238380648	0.0169	0.0087
196.3366667	-0.00146710951	0.0169	0.0087
196.47	-0.09972723388	0.0169	0.0087
196.6033333	-0.1939173762	0.0169	0.0087
196.7366667	-0.1939173762	0.0169	0.0087
196.8716667	-0.1723853844	0.0169	0.0087
197.005	-0.07757175273	0.0169	0.0087
197.1383333	0.04750866403	0.0169	0.0087
197.2716667	0.1523492046	0.0169	0.0087
197.405	0.2006364838	0.0169	0.0087
197.5383333	0.1667243914	0.0169	0.0087
197.6716667	0.1016589435	0.0169	0.0087
197.805	0.003971493457	0.0169	0.0087
197.9383333	-0.1123907429	0.0169	0.0087
198.0716667	-0.1928701392	0.0169	0.0087
198.205	-0.2176176061	0.0169	0.0087
198.3383333	-0.1669762544	0.0169	0.0087
198.4733333	-0.06097963183	0.0169	0.0087
198.6066667	0.04776844802	0.0169	0.0087
198.74	0.1399828048	0.0169	0.0087
198.8733333	0.1953136078	0.0169	0.0087
199.0066667	0.1773561735	0.0169	0.0087
199.14	0.09136131858	0.0169	0.0087
199.2733333	-0.02325736985	0.0169	0.0087
199.4066667	-0.133589388	0.0169	0.0087
199.54	-0.1939173762	0.0169	0.0087
199.6733333	-0.1908088274	0.0169	0.0087
199.8066667	-0.1506907511	0.0169	0.0087
199.94	-0.03979726215	0.0169	0.0087
200.075	-0.05618841109	0.0169	0.0087
200.2083333	0.1577542273	0.0169	0.0087
			
